# Created by Octave 3.4.3, Sat Mar 17 16:45:21 2012 PDT <zahanm@zoster.local>
# name: yourPredictions
# type: matrix
# rows: 90
# columns: 1
 2
 2
 2
 2
 2
 2
 1
 2
 2
 2
 1
 1
 2
 1
 1
 1
 2
 1
 2
 2
 2
 2
 2
 2
 1
 2
 2
 1
 2
 1
 1
 1
 2
 1
 2
 2
 2
 1
 1
 1
 2
 2
 2
 2
 2
 1
 2
 1
 2
 2
 1
 2
 2
 2
 2
 1
 2
 2
 2
 2
 2
 2
 1
 1
 1
 2
 2
 2
 2
 2
 2
 1
 2
 1
 2
 2
 1
 2
 2
 2
 1
 1
 1
 2
 2
 2
 2
 2
 1
 2


